function M=field_miss()
M=[
10,01,1,0,2;    %D right hand, ok,                                   use it
10,01,2,0,2;    %D right hand, ok,                                   use it, D
10,01,3,0,2;    %D right hand, ok,                                   use it, D
10,01,4,0,2;    	%x right hand, missing (ACL), confirm missing
10,01,5,1,2;    	%x right hand, missing (RIP), confirm missing
10,01,6,0,1;    %D left hand, ok,                                   use it, D

10,02,1,1,2;    	%x right hand, missing (RIP), confirm missing
10,02,2,1,2;    	%x left hand, missing (RIP), confirm missing
10,02,3,0,2;    %D right hand, ok,                                   use it, D
10,02,4,0,2;    %D right hand, ok, some missing, think about it				
10,02,5,0,2;    %D right hand, ok,                                   use it, 
10,02,6,0,2;    %D right hand, ok,                                   use it
10,02,7,0,2;    %D right hand, ok,                                   use it (think about it)
10,02,8,0,2;    %D right hand, ok,                                   use it

10,03,1,0,2;    %D right hand, ok
10,03,2,0,2;    %D ??
10,03,3,0,3;    %D left+right, ok
10,03,4,0,2;    %D right hand, ok
10,03,5,0,2;    %D right hand, ok
10,03,6,0,2;    %D right hand, ok
10,03,7,0,2;    %D right hand, ok
10,03,8,0,2;    % right hand, ok
10,03,9,0,2;    	%x right hand, missing (RIP,ACL), confirm missing


11,01,1,0,2;	%D right hand
11,01,2,0,2;    
11,01,3,0,2; 
11,01,4,0,2;	% mixed
11,01,5,0,2;	%D	%driving
11,01,6,0,2;	%D	%driving
11,01,7,0,2;
11,01,8,0,2;
11,01,9,0,2;
11,01,10,0,2;	%D
11,01,11,0,2;	%D %driving

11,02,1,0,2;
11,02,2,0,2;    %driving
11,02,3,0,2;	%driving
11,02,4,0,2;	%driving
11,02,5,0,2;
11,02,6,0,2;
11,02,7,0,2;
11,02,8,0,2;
11,02,9,0,2;
11,02,10,0,2;	%driving
11,02,11,0,2;
11,02,12,0,2;
11,02,13,0,2;
11,02,14,0,2;
11,02,15,0,2;

11,03,1,0,2;	%driving, missing
11,03,2,0,2;    %driving
11,03,3,1,2;
11,03,4,1,2;
11,03,5,0,2;
11,03,6,0,2;
11,03,7,0,2;
11,03,8,0,2;

12,01,1,0,2;
12,01,2,0,2;
12,01,3,0,2;
12,01,4,0,2;
12,01,5,0,2;
12,01,6,0,2;
12,01,7,0,2;

12,02,1,0,2;
12,02,2,1,2;
12,02,3,1,2;
12,02,4,0,2;
12,02,5,0,2;
12,02,6,1,2;
12,02,7,0,2;
12,02,8,0,2;
12,02,9,0,2;

12,03,1,0,2;
12,03,2,0,2;
12,03,3,0,2;
12,03,4,0,2;
12,03,5,1,2;
12,03,6,0,2;
12,03,7,0,2;
12,03,8,0,2;
12,03,9,0,2;
12,03,10,0,2;
12,03,11,0,2;
12,03,12,0,2;

12,04,1,0,2;
12,04,2,0,2;
12,04,3,0,2;
12,04,4,0,2;

14,01,1,0,2;
14,01,2,0,2;	%driving
14,01,3,0,2;	%driving
14,01,4,0,2;	%driving
14,01,5,0,2;
14,01,6,0,2;
14,01,7,0,2;
14,01,8,0,2;
14,01,9,0,2;

14,02,1,0,2;	%driving
14,02,2,0,2;	%driving
14,02,3,0,2;    %driving % right hand, missing
14,02,4,0,2;	%driving
14,02,5,0,2;
14,02,6,0,2;	%driving
14,02,7,0,2;	%driving
14,02,8,0,2;    % missing
14,02,9,0,2;    %driving % missing
14,02,10,1,2;   % missing
14,02,11,1,2;   % missing

14,03,1,0,2;	%driving
14,03,2,0,2;
14,03,3,0,2;	%driving
14,03,4,0,2;	%driving
14,03,5,0,2;	%driving
14,03,6,0,2;  %driving
14,03,7,1,2;  %driving
14,03,8,1,2;
14,03,9,1,2;

15,01,1,1,2;	% missing
15,01,2,0,2;	% missing
15,01,3,0,2;	% missing
15,01,4,1,2;	% missing

15,02,1,0,2;
15,02,2,0,2;
15,02,3,0,2;
15,02,4,0,2;
15,02,5,0,2;
15,02,6,0,2;
15,02,7,0,2;
15,02,8,0,2;
15,02,9,0,2;
15,02,10,0,2;
15,02,11,0,2;
15,02,12,0,2;
15,02,13,0,2;

15,03,1,0,2;
15,03,2,0,2;
15,03,3,0,2;
15,03,4,0,2;
15,03,5,0,2;
15,03,6,0,2;
15,03,7,0,2; % driving
15,03,8,0,2;
15,03,9,0,2; %driving
15,03,10,0,2;
15,03,11,0,2;

16,01,1,0,2;
16,01,2,1,2;
16,01,3,1,2;

16,02,1,0,2;    % right hand
16,02,2,0,2;
16,02,3,0,2;
];
